           7   3.71667964373693        1.58453510383038     
           8   4.33367512982182        1.77468886091690     
          10   4.78574724402029        3.52465578520764     
          13   4.66487918061209        5.07514786160463     
          17   4.12912189996389       0.930384961365242     
          23   6.83246057140217        4.03823193678007     
          27   4.33453109905529        2.80616561885883     
          28   10.7390128843125        35.7757042473411     
          30   6.77904343204157        4.04240279240980     
          31   4.17387621713750        1.47397442805634     
          37   12.0214938026421        25.3471364485771     
          38   11.7566954209165        23.0163070038643     
