     3.61882     0.09508     0.35041     2.92931    -0.73322     2.81676     2.92236     1.47636    -1.85217     6.00013    -0.85503    -0.10278
          12
    -0.34766     0.34799    -0.59727    -0.38693    -0.15495    -0.00099    -0.30892    -0.00823     0.32412     0.15175     0.06319    -0.00062
     0.13870     0.71145     0.23828     0.15467    -0.04042     0.32109     0.28992     0.18059     0.25202    -0.06894     0.26591     0.18309
     0.06614     0.33622     0.11363     0.07387     0.01820    -0.67847     0.08391    -0.46189     0.05623    -0.01795     0.17368    -0.38669
    -0.14354    -0.13489     0.17667     0.39652     0.38572    -0.16100    -0.47715    -0.02556     0.45937     0.05555     0.17209     0.35498
    -0.11432    -0.27544     0.12716    -0.30919     0.21473    -0.11796     0.52015     0.20179     0.37276     0.50321     0.16910    -0.08503
     0.39046    -0.13031    -0.45188     0.24375     0.25505     0.41621     0.11420    -0.45962     0.13459     0.14731     0.17161    -0.18740
    -0.14463    -0.13485     0.17791     0.39571    -0.64370     0.16214    -0.06908    -0.02369     0.34156     0.23083    -0.17487    -0.35520
     0.22930    -0.27558    -0.26862    -0.00716    -0.28035    -0.24688     0.26758     0.09838     0.42690    -0.59389     0.06435     0.19838
    -0.33561    -0.13005     0.38442    -0.39459     0.02228     0.35470    -0.00594    -0.50856     0.16039    -0.37216     0.12256    -0.05237
     0.63582    -0.07824     0.24270    -0.40529    -0.24416    -0.00015    -0.43195     0.04812     0.06178     0.18117     0.28513     0.00083
    -0.25368    -0.16043    -0.09683     0.16169    -0.06656     0.04375    -0.06726     0.28543    -0.25591    -0.15006     0.77856    -0.29644
    -0.12099    -0.07586    -0.04618     0.07697    -0.39573    -0.09244     0.18624    -0.38561    -0.25737     0.30670     0.26508     0.62646
    -1.17722     2.84546     2.40618     6.94954    -2.94645    -0.42591     3.84556     0.60860     0.57767     5.16063    -1.38724     0.18096
           7
     0.18064    -0.46112     0.42436    -0.00343    -0.15712    -0.36081    -0.53663     0.00885    -0.26982    -0.00442    -0.24172    -0.02175
     0.30213     0.37383     0.18061     0.00111     0.40015    -0.64271     0.03344    -0.00609     0.21055     0.25920     0.21918    -0.04942
    -0.06983     0.15907     0.77742     0.00127     0.02399     0.19903     0.20601    -0.00308     0.08896    -0.48734     0.15857    -0.11066
     0.32011     0.12758     0.01657     0.31558     0.40944     0.33673    -0.03674     0.49368    -0.39381     0.08316    -0.18900    -0.23993
     0.18624    -0.30785     0.01023    -0.27521     0.40226     0.33776    -0.16165    -0.43324    -0.15791     0.13376     0.50633    -0.07600
     0.56740    -0.02718    -0.04429    -0.10705    -0.24828     0.19549     0.01765    -0.16724     0.48669     0.02049    -0.27740    -0.47066
    -0.01575    -0.19053     0.20775     0.21473    -0.04403    -0.07018     0.63796    -0.38651    -0.29999     0.39239    -0.25002    -0.06680
     0.18457    -0.29584     0.07757    -0.32037    -0.32331    -0.03351     0.33440     0.58342    -0.01990     0.22897     0.39826     0.02169
    -0.46548     0.09302     0.30847    -0.06510     0.01471     0.25211    -0.27020     0.11680     0.28801     0.63965    -0.08330    -0.16068
     0.22959     0.52407     0.11384    -0.52688    -0.20828     0.15344    -0.06459    -0.11602    -0.35668     0.13642    -0.20926     0.32848
     0.20202     0.22985     0.04821     0.59448    -0.47910     0.12261    -0.20618    -0.14409    -0.07738     0.17139     0.44346     0.10372
     0.26001    -0.22491     0.14482     0.17087     0.20958     0.20797     0.04654     0.05352     0.38924     0.08082    -0.17559     0.74200
    -2.71143     4.47272     5.27542     1.74871    -3.15135     0.25188     3.27912    -3.15361    -1.70365    14.14139     6.06858    -0.17125
           5
     0.14552    -0.49792    -0.55597    -0.09713    -0.18526    -0.02618     0.08742    -0.01412     0.25665    -0.21564     0.50648    -0.02496
    -0.15651     0.32939    -0.35116     0.01054     0.10193    -0.01485    -0.56923    -0.03897    -0.34688    -0.53118     0.06767    -0.01966
    -0.06733     0.33276    -0.04367    -0.00453     0.27218     0.00666    -0.10525     0.00116     0.87250    -0.16118    -0.09655    -0.03226
     0.09776    -0.06271    -0.29642     0.32996    -0.11527    -0.43522     0.34013    -0.14144    -0.01737    -0.29744    -0.59141     0.11328
     0.17496    -0.51981    -0.13348     0.13264     0.52523     0.04093    -0.46666    -0.05843     0.00640     0.27771    -0.29159     0.05346
    -0.61279    -0.20213    -0.14359     0.18935    -0.33212     0.56655    -0.03654    -0.10998     0.09306     0.02720    -0.26950    -0.02048
     0.08637     0.16182    -0.26329     0.33703     0.35097     0.37899     0.34306     0.57425    -0.12376    -0.01412     0.08202     0.21663
     0.30449     0.09301    -0.05346     0.16913    -0.58445    -0.07515    -0.43336     0.49253     0.14394     0.21114    -0.13026     0.08535
    -0.62186    -0.01073    -0.11776     0.19484     0.10353    -0.57315    -0.03428     0.21729     0.00964     0.33675     0.23791     0.06037
     0.11770     0.39880    -0.50040    -0.16345    -0.05044     0.08241     0.04402    -0.41869    -0.03952     0.52721     0.00290     0.28966
     0.17368     0.09741     0.16004     0.78798    -0.04270     0.04908    -0.07127    -0.39514     0.03502     0.04233     0.35418    -0.14111
    -0.05668    -0.11990     0.27806     0.01807    -0.04359    -0.00005    -0.09364    -0.10846     0.06802    -0.20278     0.12814     0.90563
