           3   6.85493999293010        9.73756019096608     
           6   5.51733997834330        2.15838340727054     
           9   8.86498083788797        39.1807801845109     
          11   4.63068867223850        4.84955791762658     
          14   4.29947005152459        2.83806631918993     
          15   4.16116974662346        1.63943507316599     
          18   4.37240538840614        2.16349612285321     
          19   4.34255126564336        2.24350589352060     
          21   10.4653433405108        39.7119213058347     
          22   7.75934766382614        12.5329595978991     
          25   12.8812573532625        29.8192351765451     
          26   13.2175152305001        33.5335520426659     
          32   14.2294502090877        28.5517549919370     
          36   12.2409026653890        27.4919313505946     
