           1           0   2.52360336893897        4.95811266151056     
   7.48171604827154        2.43450929257159        4.95811267933258     
   2.52360338676099     
           2           4   5.22112690997587        5.22112691062691     
   10.1180044234618        2.58198594080544        5.22112691240955     
   5.22112691373003     
           3           3   7.48131282926912        7.48131814282147     
   12.7322280604791        2.45303034104842        5.49087523448744     
   5.49087534947506     
           4           4   4.51840510946314        4.58758305916783     
   4.58758302447292        3.48362310504764        3.48362309274616     
   2.87519610237221     
           5           5   7.87671941811017        2.43712799601609     
   5.46230545812624        5.77771392544994        6.14149999863260     
   5.44427418321292     
           6           3   5.68686453028911        5.69665410923124     
   6.79984271162650        6.79984271571746        5.69665411692645     
   2.42418168626903     
           7           2   5.10715608209294        2.31884531797633     
   3.43715568620986        5.67054971182877        2.47411442514100     
   3.29225663917268     
           8           2   5.91565108487797        2.46550917781443     
   5.00980201271124        4.94068673512175        5.12610704288750     
   2.54429472551802     
           9           3   15.1860715610212        13.7967076023252     
   16.2642384298757        2.77073872095834        2.40142951840393     
   2.77069919474351     
          10           2   6.74429203004227        2.33077085791772     
   4.60047782118948        5.96387986857340        6.74429202926716     
   2.33077085713171     
          11           3   6.06749061304367        6.07510877284108     
   8.04422187439827        2.60333947359509        2.29840645900031     
   2.69556484055260     
          12           4   5.16996419427753        4.96594107840829     
   7.20125328365914        3.06986944138573        3.32889592015191     
   2.47640282669506     
          13           2   6.03363678641594        6.05877548462415     
   8.25826403735784        2.34108480931960        2.95900723641270     
   2.33850672954230     
          14           3   4.87899437641426        4.87899437892570     
   7.45852516896580        2.53174080744811        3.02428278877788     
   3.02428278861576     
          15           3   4.48837299667899        4.40328582714224     
   6.65024481093046        3.30946521574473        3.45487198693494     
   2.66077764230938     
          16           1   2.69153406449308        2.69153409206281     
   2.60360715527090        5.16538337494916        4.23892213373283     
   4.23892206431563     
          17           2   4.53994047026753        4.53994046326410     
   4.30615312185201        5.60011340569659        2.89429197268899     
   2.89429196601414     
          18           3   5.29670258856843        5.03138200895319     
   6.80284402084260        3.18098980074805        3.39898883103728     
   2.52352508028730     
          19           3   3.16182671482042        2.66441857143092     
   5.05435049545156        3.16182671544265        6.95853459969418     
   5.05435049702043     
          20           4   5.47269728412536        5.92494727568080     
   2.43562267789232        6.09149396153417        5.47349365491864     
   7.70531693541987     
          21           3   14.8399149502649        14.5049641642084     
   19.9478920249905        2.47772809137459        5.51082114095972     
   5.51073967126695     
          22           3   7.38615875325782        7.38615788251495     
   14.5689973340569        2.44245495070465        7.38616217193056     
   7.38615489049200     
          23           2   7.49016108026476        8.30240752725405     
   6.93961477399150        2.46998126398674        7.49018130060988     
   8.30241748230610     
          24           4   16.3048675303870        14.9380301321384     
   15.6933337166879        10.4139660402345        2.48305255388720     
   12.1843604381632     
          25           3   12.3925808209310        10.1822228652889     
   17.1731636213426        2.48313200788727        18.4397542712506     
   16.6166905328744     
          26           3   12.0269809945968        10.2418920679974     
   17.1274477313129        2.48314154253036        18.8093236304560     
   18.6163054161073     
          27           2   2.97801940604028        6.66284363417392     
   3.11512169683107        4.14990298890054        2.55548410522666     
   6.54581476315928     
          28           2   17.1054285468767        14.7340245634377     
   2.48275323863665        2.48269805960555        15.0212337579941     
   12.6079391393242     
          29           1   10.3735797817547        5.79442373747172     
   7.93950349735031        4.82495540249698        2.44941039298178     
   2.42284101281006     
          30           2   8.38117490350467        7.30544496030353     
   6.83057202266514        2.47045655299781        7.30543671891346     
   8.38117543386483     
          31           2   6.46495745946720        3.49072502433950     
   2.67693121086125        4.55876813587014        4.48098937136553     
   3.37088610092140     
          32           3   17.8051326161711        17.1001345456175     
   2.48258625063571        17.2315249656954        15.9450350403464     
   14.8122878360600     
          33           1   10.1614545759104        11.9480106082847     
   17.7828717703776        2.48319837493283        15.4520150917563     
   14.3312902959362     
          34           4   9.82671730823423        12.1962030742731     
   15.3101454567745        2.48331462897586        15.4288783117003     
   15.6400054961974     
          35           4   10.7078465528593        12.7265487185769     
   14.4698549055219        2.48290862567114        15.6411765376628     
   15.7061663333155     
          36           3   11.9956152347196        10.0752013665324     
   19.5248460015739        2.48324316171227        14.6430084734622     
   14.7235017543339     
          37           2   11.7100451338974        9.94709912268336     
   18.4878069191970        2.48334811940041        14.7593743034510     
   14.7412892172234     
          38           2   11.6653094736361        9.74680656940184     
   17.3377925771561        2.48344017960538        14.4024169340565     
   14.9044067916429     
